
maxerror_observed: 1.4926671003807737e+38
RMSE: 1.8235863711304807e+37
MAE: 2.235451593630725e+36
j: 185
[ 0.45969732  0.37932869  0.45969732  0.41951301  0.47978947  0.51997378
  0.45969732  0.84144827  0.76107965  0.74098749  0.43960516  0.62043456
  0.35923654  0.54006594  0.45969732  0.47978947  0.56015809  0.49988163
  0.47978947  0.51997378  0.62043456  1.08255414  0.64052672  0.43960516
  0.84144827  0.7811718   0.51997378  1.1428306   0.92181689  0.6003424
  1.12273845  0.70080318  0.68071103  0.54068407  0.69716419  0.677928
  0.84078034  0.83352327  0.71799914  1.78299656  1.10197836  1.34266978
  1.20243914  1.34607082  1.28280776  1.20542573  0.85938691  0.9138919
  1.18234698  1.22381736  1.38326854  1.19486786  1.46363716  0.93675667
  1.13993441  1.86336518  1.38326854  1.54189069  1.78288339  1.60042623
  1.24637451  1.31913605  1.50307868  2.06428674  1.78288339  2.05574372
  2.06640182  2.76751218  2.90952956  1.99206621  1.71220806  1.89809331
  2.38713352  1.93733487  2.60517618  1.39578942  2.24426017  1.31850763
  1.55444186  1.48161422  1.16002656  2.06903368  1.48298652  1.61340209
  1.45695214  1.05113594  1.72483518  2.03533736  1.4614089   1.69282796
  1.39741847  2.0387384   2.28518728  2.04554048  2.09767286  1.51262698
  1.51351476  2.04419458  1.99944034  1.75744822  2.47422438  2.72495852
  2.0604596   1.89715056  2.54865078  2.74196384  2.66474707  2.74845171
  3.15884325  2.25572253  3.56217183  3.30763103  3.00479091  3.84023019
  2.67291756  1.50210953  1.73827954  1.40782241  2.03293975  1.7432154
  2.24578286  3.13946316  2.29569768  1.57567607  1.40116953  1.88020462
  2.05752576  1.8371883   2.21529184  1.7500176   1.64078993  1.24865646
  1.49271703  1.29932493  1.50092473  1.16986277  1.80379265  1.46223955
  1.51503756  1.66284677  1.28808163  1.06285473  0.76423722  0.79734637
  0.60271996  0.10154732  0.52008586  1.0198978   1.20028519  1.17228412
  1.58129336  1.48422084  1.33221754  1.20941854  1.95635941  2.0897212
  2.12077328  2.06219842  2.52335919  2.89863833  2.85155591  2.70577582
  2.73846789  3.18055705  2.87016248  4.28471603  3.51037804  3.71161822
  3.5681885   3.8331139   3.807846    2.84547828  3.19386523  3.20068238
  3.12396991  2.72586797  3.31914978  3.06621083  3.10337272  3.10699051
  3.11158042  2.38899638  3.07663277  3.61641081  3.32156414  2.45405127
  3.0378596  -0.59353304  2.89127229 -0.22463346  2.94339893  2.21122366
  2.80869606 -0.30248754  2.9286343  -0.1676086   2.64866439 -0.7100968
  3.09085713 -0.61261881  2.79766606]
maxerror_observed: 4.284716027726619
RMSE: 1.9757217936932412
MAE: 1.7365860469791912
j: 186
[-1.07472796e+00 -1.10953626e+00 -1.19559635e+23 -1.47692196e+26
 -7.59321810e+31 -1.10953626e+00 -1.10953626e+00  2.38169631e+13
 -1.10953626e+00 -5.10952815e+00 -1.07472796e+00 -1.10953626e+00
 -1.00511135e+00 -1.10953626e+00  3.82415743e+08 -1.10953626e+00
 -1.10953626e+00  2.38169631e+13 -7.59321810e+31 -1.10953626e+00
  1.76371121e+18 -1.10953626e+00 -1.10953626e+00 -1.03991966e+00
 -1.10953626e+00 -1.07472796e+00 -1.10953626e+00 -6.22220037e-01
 -1.10953626e+00 -5.10952815e+00  5.74639229e+28 -1.10953626e+00
 -1.81951676e+14 -1.07472796e+00  2.66344115e+09 -1.47692196e+26
 -1.81951676e+14  2.38169631e+13  2.71876565e+01 -1.47692196e+26
 -1.10953626e+00 -4.67232484e+00 -5.47633029e+32 -9.35494751e-01
 -1.07472796e+00 -8.65878148e-01 -1.03991966e+00 -3.08945323e-01
  9.45575570e+37 -1.10953626e+00 -3.33245519e+15 -3.60148023e+13
 -3.33245519e+15  1.38773252e+01 -3.33245519e+15 -7.61453243e-01
  1.28224633e+05  1.35292422e+01 -3.29366815e+10 -6.91836640e-01
 -5.87411735e-01  5.25203181e+00 -1.53298888e+25 -6.52872123e-02
  2.26155662e+20 -2.04520419e-01  1.01022737e+04 -3.43753625e-01
 -7.26644942e-01 -2.07800007e+15 -8.65878148e-01 -9.59218367e+13
 -7.26644942e-01 -5.17795132e-01  1.80327377e+28 -2.39328720e-01
 -4.82986831e-01 -7.26644942e-01  1.75641967e+31 -5.52603434e-01
  5.58991923e+20 -1.37332138e+16  3.91376922e-02 -1.69712117e-01
 -2.77973554e+18  2.15174340e+16 -2.59871551e+26 -6.57028335e-01
 -1.53685197e+21 -5.17795131e-01  8.36525818e+11 -3.08945323e-01
  4.32939074e-03 -2.74137020e-01 -1.58029376e+09 -3.78561926e-01
  1.90118864e+23 -4.82986832e-01 -7.88978053e+23 -3.43753625e-01
  1.06867286e+27  1.11819504e+00  1.06867286e+27  5.26453881e-01
 -2.37327477e+29  2.82795802e-01  8.39728628e-01  8.74536929e-01
  8.04920326e-01  2.13179195e-01  1.18781164e+00  1.18781164e+00
  2.33648559e+00  1.32704485e+00  8.82041487e+11 -5.42682862e+17
  4.22029006e-01 -1.40926041e+18  1.78370898e-01 -5.17795132e-01
  7.54351816e+14 -5.42682862e+17  1.10151317e+06  4.29143262e-01
 -1.34901860e-01  2.97570954e+01  6.30878818e-01  3.91376923e-02
 -1.82052580e+06  5.67990115e+18 -5.46854939e+24 -7.65316097e+24
 -6.94644410e+01 -1.69712117e-01 -1.34903774e-01  3.17604105e-01
 -4.41464714e+05  4.47392745e+00  2.50612293e+38  1.43562597e-01
 -3.68752689e+33 -3.43753625e-01 -4.13370228e-01  3.49636383e+17
  1.16457501e+19 -3.35828389e+16  6.82833316e+34 -5.42682862e+17
 -3.68752689e+33 -4.82986833e-01 -1.34903815e-01  5.26453914e-01
  1.89291526e+19  6.65687121e-01  4.91645612e-01 -1.40926041e+18
  3.65023635e+35  1.11819504e+00  4.03665572e+21  7.00495419e-01
 -3.76511974e+25 -2.22410140e+17  7.77356169e-01 -3.60142147e+18
 -3.07306235e+36 -1.40926041e+18  1.74474447e+00  1.70993617e+00
 -4.86399170e+02  1.01377014e+00  1.91878598e+00  8.74536929e-01
  1.04857844e+00  1.77955277e+00  1.04787541e+26  1.15300334e+00
 -3.76511974e+25  2.13758730e+00  3.22802118e+15  1.29223655e+00
 -7.95000338e+23  2.30167731e+00 -2.19311474e+20  1.57070295e+00
  1.67512786e+00  1.74474447e+00  1.11819504e+00  1.60551126e+00
  4.65760053e+12  2.51052710e+00 -8.29415615e+21 -1.23888693e+26
  1.81436107e+00 -2.00522911e+27  1.32704474e+00 -3.00564936e+24
  6.96446571e+05  1.37134485e+01  9.44153518e-01 -7.92456261e+26
  3.22802118e+15]
maxerror_observed: 2.5061229260006455e+38
RMSE: 1.8894474491744131e+37
MAE: 1.7347478176162704e+36
j: 187
[ 0.85501159  0.54779004  0.60265103  0.69042862  0.63556763  0.62459543
  0.58070663  0.65751202  0.71237301  0.50390125  0.53681784  0.47098465
  0.66848422  0.58070663  0.42709586  0.7782062   0.62459543  0.47098465
  0.54779004  0.73431741  0.767234    0.60265103  0.69042862  0.64653982
  0.49292905  0.84403939  0.65751202  0.90987258  1.00862236  0.8001506
  0.74528961  1.10737215  0.93181698  1.56988981  0.77130679  0.88889011
  1.02067322  1.54608319  1.18092906  1.5252776   1.35316176  1.32550054
  1.39937823  1.51958381  2.12121563  1.30241734  1.67933346  1.86199944
  1.49416655  1.32622396  1.57263329  2.40605436  2.15415979  2.00722354
  2.03346561  2.61938915 -0.71785769  1.82069617  1.90883396  2.2501661
  0.15756638  3.03033085  2.60900375  2.36235153  2.89727502  2.82463069
  2.59444179  3.58171236  3.11152075  3.89390428 -0.70259208  2.3155839
 -0.84155624  2.55469476  0.25863844  2.01291734  2.09818319  2.65921694
 -0.55196689  2.40954926 -1.46961438  2.61574354 -1.29505412  2.07168862
 -1.5790265   2.2578006  -1.61926435  2.83166384 -1.30719016  2.08824725
 -0.95894275  2.42341501 -0.36078416  3.79991016 -0.82460542  3.41660811
 -0.21547969  2.88507811 -1.09492544  2.91096144 -0.56760311  3.46805133
  0.14558977  3.4009721  -0.83889047  3.5763266   0.15691379  3.70157576
  0.2678128   4.47066108 -0.08680237  3.49124189  0.53563199  4.37046446
 -1.40311475  2.20997287 -1.72299278  1.60380909 -1.87229027  1.93235898
 -1.12217791  2.57205541 -1.5494272   1.42608514 -2.20275232  2.09289701
 -2.4167248   1.43881073 -2.45512262  1.82469977 -2.24132893  0.89755752
 -2.97596881  1.03294823 -2.91828263  0.66661727 -2.7723312   0.89134098
 -2.96316621  0.67625145 -2.84546628  0.40753293 -3.0193734   0.70264201
 -3.42500307  0.50638861 -3.01652527  0.99205888 -2.7247721   1.35724969
 -2.7566939   0.8516978  -2.82253659  1.14463821 -2.5036669   1.42825392
 -2.41107429  1.3549722  -2.01156947  1.9058596  -1.56537004  2.78322006
 -0.96439587  2.2813925  -1.40147644  3.44713838 -0.76256929  2.60290923
 -0.86265196  2.46471975 -0.94327734  2.21494325 -1.36537374  2.05594671
 -1.68822285  2.43489738 -1.87259159  1.89519677 -1.39364448  2.18233615
 -1.82006802  1.75100266 -2.14773203  1.60691737 -2.10932446  1.48891607
 -2.12262446  1.48839478 -2.22355212  1.4071403  -2.3608689   1.20767262
 -2.50001583  1.94570345 -2.30599828  1.16358316 -2.14574232  1.4701746
 -2.30168089  1.24617565 -2.58961408]
maxerror_observed: 4.470661081054946
RMSE: 1.9329346081538137
MAE: 1.6868552336066829
j: 188
[-1.30653951e+00  4.99833143e+11 -1.29594380e+00 -2.01418363e+10
  2.73279475e+25  7.63568383e+23 -6.24290415e+32 -1.37011371e+00
 -2.80647245e+31 -1.48666642e+00  4.77936681e+10 -1.40190081e+00
  2.73279475e+25 -2.01418363e+10 -1.38839957e+00 -1.36720817e+00
 -1.30363397e+00 -1.92853551e+29  5.47790040e-01 -1.12641259e+00
 -1.31713521e+00 -1.37011371e+00 -1.29594380e+00 -8.06365853e+31
 -2.80647245e+31 -1.47437244e+00 -1.58032945e+00 -1.36841544e+00
  2.73279475e+25  2.12081783e+33 -1.09637087e+18  4.86387830e+34
 -1.29594380e+00 -1.17939110e+00 -1.05224269e+00 -1.28364983e+00
 -1.12350706e+00 -3.01917619e+18 -7.34371670e-01  7.63568383e+23
 -6.68425294e-02 -4.05904950e-01 -1.52008527e+34 -3.01917619e+18
 -3.84713549e-01  7.30032606e+00  1.06159184e+12 -5.96627562e-01
 -8.79805943e-01  9.09625614e+22 -5.75436160e-01  7.32737507e-03
 -2.57565141e-01 -1.21148620e+05 -4.16500651e-01 -3.34271756e+37
 -6.24290415e+32  1.29735449e+28  8.14972796e-02 -2.37811164e+32
 -5.11861957e-01  2.85194764e-02 -8.08300958e+04 -5.67000351e+10
  5.69207318e+14 -1.15250292e+37 -5.33053358e-01  1.15789995e+37
  3.27357580e+29  1.87454286e-01  1.50882847e+08 -7.76754473e-01
 -1.52008527e+34  1.45591632e+35  8.65898994e+22 -2.25778039e-01
 -4.69479154e-01  1.45591632e+35 -8.40328677e-01  3.70344942e+29
 -4.05904950e-01 -3.52926447e-01  4.51889364e+13 -1.40701266e+20
 -4.48287753e-01 -4.37692052e-01  2.39360323e+01  9.73383591e+21
  4.11120386e+36 -3.52926447e-01 -7.40533768e+27 -6.29893100e+17
 -3.74117848e-01  1.04351832e+30  4.74324036e+25  3.70344942e+29
 -3.26832558e-03 -6.29893100e+17 -1.44317673e+37 -7.74382301e-02
  2.08645687e-01  1.45591632e+35 -2.44597269e-02  9.08094644e+07
 -1.44317673e+37  3.56985496e-01  1.34238566e+00  1.52251257e+00
 -3.54855289e+06  4.03441417e+05 -6.00749209e+09  1.76621368e+00
  1.41655555e+00  2.63385648e+15  8.54983427e-01 -5.33053358e-01
 -3.01510405e-02 -5.64840460e-01 -5.43649059e-01  1.75780094e-01
  1.32119426e+00  9.59861942e-01  2.08568392e+27 -1.69290105e+11
  1.55667184e-01  6.69982289e+05  4.92079168e+14  4.40801178e+20
 -3.50554275e-02 -2.46969440e-01  2.51028490e-01  1.75827483e+34
 -7.13180269e-01  6.24646487e+01  5.23019871e+26 -1.73347309e+15
  4.11120386e+36  2.03245298e+03 -5.96627562e-01  2.03214571e+03
 -7.40533768e+27 -9.88668486e-01 -8.93307179e-01 -5.01266667e-01
 -3.76736719e+18 -1.14760400e+00 -7.23775970e-01 -5.75436160e-01
 -2.02493107e+05  2.51028489e-01 -2.93537334e-01 -2.18030551e+28
  1.70513894e+09  2.84199262e+31 -1.65619599e+03  1.75827483e+34
  5.68899509e-01 -2.60355711e+08 -1.65520000e+03  5.67771434e+35
  1.41655555e+00  1.23642865e+00  2.07348900e+00  2.63385648e+15
 -5.38974799e+32  1.44834266e+00  1.68144808e+00  2.04170190e+00
  1.26062088e+07  1.91455349e+00  1.96753199e+00  1.35298136e+00
  5.23019871e+26  1.01391894e+00 -1.85772998e+27  8.54983427e-01
  3.87995326e+24 -1.65341689e+03 -1.65449009e+03  1.70263948e+00
  1.64966098e+00  1.49072547e+00 -3.76736719e+18  1.75827483e+34
  1.34238566e+00  4.03440665e+05  8.12600624e-01  4.12915178e+12
  2.71339343e+36  8.44387726e-01 -2.42161699e+01  9.18557631e-01
  4.38377496e+05  5.79494973e-01 -5.01094721e+05  8.97372452e-01
 -7.12654304e+32  9.50344734e-01 -2.02491815e+05 -1.55069180e+04
  1.05630174e+00]
maxerror_observed: 3.342717559645347e+37
RMSE: 3.027554736806249e+36
MAE: 4.849348331728957e+35
j: 189
[ 1.11507932e+00  1.10269813e+00  1.10269813e+00  1.10269813e+00
  1.10269813e+00  1.10269813e+00  1.10269813e+00  1.10269813e+00
  1.11507932e+00  1.10269813e+00  1.12746052e+00  1.10269813e+00
  1.11507932e+00  1.10269813e+00  1.11507932e+00  1.10269813e+00
  1.10269813e+00  1.10269813e+00  1.10269813e+00  1.12746052e+00
  1.10269813e+00  1.12746052e+00  1.10269813e+00  1.10269813e+00
  1.10269813e+00  1.10269813e+00  1.13984171e+00  1.13984171e+00
  1.11507932e+00  1.10269813e+00  1.16460410e+00  1.15222291e+00
  1.15222291e+00  9.58255092e-01  1.01322083e+00  9.70552247e-01
  9.97820777e-01  9.91114538e-01  1.03119091e+00  9.92656868e-01
  1.02937547e+00  9.92229857e-01  9.94802040e-01  1.05302051e+00
  1.07059864e+00  9.73721065e-01  1.18731215e+00  9.46042096e-01
  1.07210794e+00  8.97481827e-01  1.14262166e+00  9.12067450e-01
  1.05821744e+00  9.46084175e-01  1.05595330e+00  9.67719706e-01
  1.12691560e+00  1.01732852e+00  1.20452763e+00  8.97397787e-01
  1.30357719e+00  7.95337825e-01  1.09708216e+00  9.65515397e-01
  1.34404564e+00 -2.17867670e+00  1.06048146e+00 -2.26288841e+00
  1.28999270e+00  7.58362440e-01  1.10734167e+00  8.94639739e-01
  1.11861399e+00 -2.47911426e+00  1.18948187e+00 -2.52221724e+00
  1.06267240e+00 -2.40482709e+00  1.00739506e+00 -2.44167636e+00
  1.10644462e+00 -2.76800748e+00  1.28461552e+00 -2.35509215e+00
  1.11821356e+00 -2.26221215e+00  1.20407905e+00 -2.43918381e+00
  1.23027766e+00 -2.51108717e+00  1.25322461e+00 -2.50396441e+00
  1.22544349e+00 -2.39878725e+00  1.21002222e+00 -2.36738919e+00
  1.24598384e+00 -2.45443963e+00  1.31904649e+00 -2.07700241e+00
  1.32689952e+00 -2.09529723e+00  1.23994624e+00 -2.22502649e+00
  2.13620533e+00 -1.65369997e+00  2.28237319e+00 -1.48949146e+00
  2.05439248e+00 -1.01196734e+00  2.39876161e+00 -1.32078196e+00
  2.52940604e+00 -3.33581335e-01  2.25351214e+00 -1.97081572e+00
  1.53238412e+00 -1.96527736e+00  2.06373372e+00 -1.72927722e+00
  2.26576996e+00 -9.98786745e-01  2.30352568e+00 -1.97077364e+00
  1.68157071e+00 -1.59779535e+00  1.91773167e+00 -1.78497156e+00
  2.17275787e+00 -1.38881541e+00  1.78245691e+00 -1.55915140e+00
  1.34757372e+00 -1.87180812e+00  1.59551448e+00 -2.08057790e+00
  1.56456991e+00 -1.94730122e+00  1.45266075e+00 -2.10825675e+00
  1.64942284e+00 -2.54005623e+00  1.36119017e+00 -2.35917582e+00
  1.19978392e+00 -2.78571724e+00  1.11009683e+00 -2.46606350e+00
  1.36752303e+00 -2.17003672e+00  1.90400259e+00 -1.43196036e+00
  1.72807663e+00 -1.82519992e+00  1.92013827e+00 -1.27438392e+00
  2.16050018e+00 -1.25870779e+00  2.53919800e+00 -1.32198778e+00
  2.61607440e+00 -6.66289179e-01  2.88254658e+00 -6.67873588e-01
  3.53301843e+00 -5.84037767e-01  3.04533876e+00 -3.68957909e-02
  3.86414724e+00 -2.84264609e-02  3.61180168e+00 -7.19078006e-02
  3.39078769e+00 -4.82029551e-01  3.23193264e+00 -4.88157148e-01
  3.33538686e+00 -2.03515792e-01  3.39350042e+00 -6.08884315e-01
  3.48124859e+00 -8.95893876e-02  3.35411178e+00 -2.46744775e-01
  2.84159279e+00 -2.69095669e-01  3.49555785e+00 -7.60585389e-01
  3.72957604e+00  2.88482124e-01  3.24955995e+00  9.60443720e-02
  3.31161852e+00  2.07643322e-01  6.25198162e-01  4.89241978e-01
  8.35763408e-01  8.37036994e-04  3.37327655e+00  1.67414959e-01
  2.93090041e-01]
maxerror_observed: 3.864147235872062
RMSE: 1.7318329133722163
MAE: 1.5184403647666014
j: 190
[-8.46919461e-01  3.25902375e+24 -8.46919461e-01  3.25902375e+24
  5.52177529e+28  3.25902375e+24 -1.61263530e+00  3.25902375e+24
 -8.46919461e-01  3.25902375e+24 -8.38948362e-01  3.25902375e+24
 -8.46919461e-01 -8.46919461e-01 -8.46919461e-01  3.25902375e+24
 -8.38948362e-01  3.25902375e+24  1.66621224e+19  3.25902375e+24
 -8.46919461e-01  3.25902375e+24 -8.46919462e-01  3.25902375e+24
 -8.46919462e-01  3.25902375e+24 -8.46919462e-01  3.25902375e+24
 -8.38948362e-01  3.25902375e+24  1.66621224e+19  3.25902375e+24
 -1.59669310e+00  3.25902375e+24 -1.56480870e+00  3.25902375e+24
  5.52177529e+28  3.25902375e+24 -1.61263530e+00  3.25902375e+24
 -8.30977261e-01  3.25902375e+24  1.66621224e+19  3.25902375e+24
 -8.23006161e-01  3.25902375e+24 -2.40263219e+09  3.25902375e+24
 -1.58872200e+00  3.25902375e+24 -2.56218935e+28  3.25902375e+24
 -9.97326970e-01  3.25902375e+24 -8.30977261e-01 -3.24189955e+35
 -8.38948361e-01  3.25902375e+24  1.09360154e+09  3.25902375e+24
 -8.00070273e+37  3.25902375e+24 -8.46919461e-01  3.25902375e+24
 -2.56218935e+28  3.25902375e+24 -8.23006161e-01 -3.24189955e+35
  1.09360154e+09  3.25902375e+24  1.18174553e+28  3.25902375e+24
 -7.38130019e-01 -3.24189955e+35 -8.30977261e-01  1.94747667e+28
 -7.67208030e-01 -3.24189955e+35 -8.31394783e-01 -3.24189955e+35
 -8.07063961e-01 -3.24189955e+35 -4.24448774e+15 -3.24189955e+35
 -8.15035265e-01 -7.51266261e-01 -9.65278918e+33  3.25902375e+24
 -9.65278918e+33  3.25902375e+24 -9.65278918e+33  3.25902375e+24
 -7.59237361e-01 -3.24189955e+35 -8.23006161e-01  3.25902375e+24
 -6.07786030e-01  3.25902375e+24 -9.48175100e+14  1.56963840e+09
 -7.83170634e-01  3.25902375e+24  4.56595676e+33  3.25902375e+24
  6.17859394e-02  1.56963840e+09  8.94076309e+15  1.56963840e+09
 -9.52085093e+12 -3.56645549e+34  1.01127028e+33  1.30527754e+00
 -2.14288460e+31 -3.24189955e+35  4.69270331e+31  3.25902375e+24
  4.84254240e-01 -3.24189955e+35  1.25554739e-01 -3.24189955e+35
  2.08064951e+13  3.25902375e+24  9.30635840e-01 -3.24189955e+35
 -2.06901857e+12  1.94747667e+28  5.00196440e-01  2.69034540e-01
  1.14585556e+00  1.26542204e+00 -1.69427501e+14  1.94747667e+28
  3.67091727e+14  3.74853219e+02 -1.69427501e+14  3.25902375e+24
  6.91502840e-01 -3.24189955e+35 -3.61441523e+15  3.25902375e+24
  1.01321933e+10  3.25902375e+24 -3.28797961e-01  3.25902375e+24
 -7.37227608e-02  3.25902375e+24 -5.04162161e-01  3.25902375e+24
  3.24832240e-01  3.25902375e+24  1.08208674e+00  3.25902375e+24
  8.98751440e-01  3.25902375e+24  9.94404640e-01 -3.24189955e+35
  3.43367710e+16  3.25902375e+24  1.56035274e+00  3.25902375e+24
  2.19006964e+00  3.25902375e+24  2.15021414e+00  3.25902375e+24
  2.34949164e+00  3.25902375e+24  7.53631177e+17  3.25902375e+24
  2.47702924e+00  3.25902375e+24  1.83137014e+00 -3.24189955e+35
 -3.61441523e+15  3.25902375e+24  1.35310414e+00  3.25902375e+24
  6.27734040e-01  3.25902375e+24  1.67381198e+13  3.25902375e+24
  4.52369840e-01  3.25902375e+24  6.67589540e-01  3.25902375e+24
  3.43826100e+35  3.25902375e+24  3.48746259e-01  3.25902375e+24
  5.98823931e-03  3.25902375e+24 -9.11707467e+03  3.25902375e+24
 -8.16938608e-02  2.99015393e-02  2.99015393e-02 -3.24189955e+35
  1.64199258e+36  3.25902375e+24  3.48745540e-01  2.69034540e-01
  1.90333783e+06]
maxerror_observed: 8.000702732545417e+37
RMSE: 5.645242763159287e+36
MAE: 4.3408036824428946e+35
j: 191
[ 1.06618756  1.06618756  1.06618756  1.06618756  1.06618756  1.09200892
  1.09200892  1.09200892  1.06618756  1.06618756  1.06618756  1.16947301
  1.09200892  1.06618756  1.06618756  1.06618756  1.06618756  1.06618756
  1.06618756  1.09200892  1.06618756  1.06618756  1.06618756  1.09200892
  1.06618756  1.09200892  1.09200892  1.11783028  1.27275846  1.06618756
  1.68590026  1.06618756  1.19529437  0.82850009  0.96308142  0.88014281
  1.0656323   0.98342826  1.14383096  0.98342826  1.48024312  0.85432145
  1.19694258  0.85432145  1.01325512  0.9576069   1.08998476  0.98342826
  1.01472414  1.00924963  1.05975647  1.80971188  0.97715101  0.82850009
  1.11066475  1.12532162  1.20807426  1.29328462  1.26485836  0.98342826
  1.10919573  0.9576069   1.2175922   0.85432145  1.18886329  0.98342826
  1.08492738  1.33189252  1.4456079   0.93178554  1.41537961  1.21582053
  1.22948869  1.25442844  1.50982096  1.2811515   1.24364227  1.33189252
  1.27070394  1.15114298  1.17858053  1.12532162  1.44704655  1.17696435
  1.03119555  1.0999782   1.1210315   1.13835644  1.50835194  1.55149825
  1.48253058  1.08671372  1.50394501  1.12532162  1.32907142  1.60314097
  1.32110636  1.42239143  1.7709725   1.38449102  1.99601992  1.4482128
  1.96726053  1.6547837   1.90301723  1.59106192  1.995171    1.952561
  2.32960853  1.69482532  2.31700784 -1.37034498  2.10687893  2.00324796
  2.06111203  2.22285368  1.68345437  1.74503433  1.64712142  1.22860707
  2.10309209  1.57731961  2.75411073  1.46099934  1.46575179  1.61682922
  1.10811614  1.40983456  2.04642234 -1.72677292  1.65206249  1.0745806
  1.45136742 -1.66872853  1.52295568  1.39657007  1.55078943  1.6933916
  1.23660287  1.57731961  1.91522642  1.29328462  1.381477    1.70642642
  1.31252134  1.03507099  1.73602262  1.70642642  1.46595661  2.30031777
  1.81936253  1.6547837   1.71010065  1.8613546   1.64556646  2.10653341
  2.10633544  2.50688867  2.71723441  2.45524595  2.66327386  3.28152956
  3.54351802  3.72049273  3.49419311  2.58435276  3.03358668  3.15242274
  2.65491743  3.92706363  2.95658014  2.51967521  2.63095646  2.22285368
  3.18665458  2.79092366  2.68484925  3.15242274  3.51939426  3.17824411
  3.31226533  3.28152956  4.19019166  3.72049273  0.43082323  4.21109862
  2.11703476  3.41063637  4.21833085  4.03034908  0.38052829  3.74631409
  0.28357621  3.19150859  0.20027837  3.73327927  0.31578601  3.35899365
 -0.52938081  4.714969    1.24314485]
maxerror_observed: 4.714969001264993
RMSE: 1.888116174893967
MAE: 1.675855758356773
j: 192
[-3.83605550e+28 -9.99676581e-01 -3.83605550e+28  3.15347454e+30
  1.05595381e+15 -9.72468051e-01 -1.02688511e+00 -1.02688511e+00
 -1.02688511e+00 -1.02688511e+00 -3.83605550e+28 -1.05409364e+00
 -1.05409364e+00 -1.05409364e+00 -3.83605550e+28 -1.04048938e+00
 -3.83605550e+28 -1.01328085e+00 -9.86072316e-01 -1.01328085e+00
 -3.83605550e+28 -1.05409364e+00 -3.83605550e+28 -9.86072316e-01
 -1.04048938e+00 -9.04446727e-01  1.05595381e+15 -1.01328085e+00
 -3.83605550e+28 -9.99676581e-01 -9.99676581e-01 -1.01328085e+00
  1.05595381e+15 -1.01328085e+00 -9.58863786e-01  9.18355967e+08
 -3.83605550e+28 -9.04446727e-01 -3.83605550e+28 -1.01328085e+00
 -9.45259521e-01 -8.90842462e-01 -9.72468051e-01 -8.90842462e-01
 -6.45965693e-01 -9.04446727e-01 -3.83605550e+28 -8.09216872e-01
 -1.01328085e+00 -9.04446727e-01 -3.83605550e+28 -6.59569958e-01
  1.05595381e+15  9.18355967e+08 -7.27591283e-01 -8.36425402e-01
  1.05595381e+15 -6.86778488e-01 -4.51334614e+19 -6.87098395e-01
  1.05595381e+15  9.18355967e+08 -3.83605550e+28  9.18355967e+08
 -3.83605550e+28 -9.58863786e-01 -3.83605550e+28 -1.70136328e-01
 -7.68404078e-01  3.15347454e+30 -3.83605550e+28  9.18355968e+08
 -3.83605550e+28  9.18355967e+08 -2.95329322e+01 -1.42607891e-01
 -3.83605550e+28  9.18355968e+08 -3.83605550e+28  9.18355968e+08
 -4.69110249e-01  9.18355968e+08 -3.83605550e+28 -5.23527433e-01
 -7.68404078e-01  9.18355968e+08 -3.83605550e+28 -4.69430156e-01
 -3.83605550e+28  9.18355968e+08 -1.83420686e-01  9.18355968e+08
 -2.01695072e-02 -1.06275832e+18  4.78518174e-02  3.80855104e+08
  1.02268877e-01  3.16539349e+33 -3.83605550e+28  1.08177595e+00
  1.05595381e+15  8.25657960e-01 -3.83605550e+28  2.30615979e+00
 -3.83605550e+28 -1.21465723e+04 -3.83605550e+28  2.93195598e+00
  2.30615979e+00  2.85033039e+00 -4.51334614e+19  2.26817992e+06
 -3.83605550e+28 -6.99143537e+10  2.70068348e+00  5.22608769e+17
  1.05595381e+15  7.50603472e-02  1.66712611e+33  8.50503447e-01
  1.05595381e+15  6.87691206e+25  1.05595381e+15  3.99467407e+37
 -2.82405271e+01 -1.13272329e+05  1.05595381e+15  1.70757214e+00
  1.05595381e+15 -2.40589355e+30  1.05595381e+15  9.86546097e-01
  8.77711977e-01 -8.90949289e+35 -6.94134082e+37  3.87958440e-01
  1.05595381e+15 -2.16618107e+12  1.05595381e+15  2.65520056e-01
  1.66712611e+33 -1.42607891e-01 -4.14693190e-01 -1.51398104e+32
 -6.94134082e+37 -4.69101241e-01 -2.99274559e+01 -6.19445820e-01
  1.21884622e+06  3.06332851e-01  1.70290169e-01 -9.46201281e+05
  1.70290202e-01 -5.49189187e+17  5.64813884e-01  8.64107712e-01
  6.46439474e-01 -2.83219748e+19 -2.80500674e+01  1.29944419e+00
  1.13619301e+00  9.86546097e-01  7.41669328e-01 -5.02290969e+28
  6.02196581e-01  5.64827455e+16 -1.00921223e+34 -1.02188436e+05
  1.28578837e+00 -8.96129223e+14  1.40034443e-01  5.10396825e-01
  2.25878259e-01 -3.75423710e+18  3.19937116e-01 -3.37722203e-02
 -1.01795097e-01 -1.97024954e-01 -3.33119159e-01 -1.56212156e-01
 -1.45808091e+23 -4.05610048e+08  1.24701985e+28 -1.38918972e+32
 -1.29003627e-01 -4.05610048e+08 -5.04423269e+04 -1.42743493e-01
  5.47366724e+05 -1.97024951e-01  2.11102996e-01 -2.83219748e+19
 -2.01695072e-02  1.83894467e-01 -1.80080646e+28 -2.01695072e-02
 -1.03593369e+19  1.07362156e+15  7.19953694e+04  4.38152148e+36
  5.78418149e-01]
maxerror_observed: 6.941340816561168e+37
RMSE: 7.482043577261506e+36
MAE: 9.157359187874566e+35
j: 193
[ 0.77322078  0.78233083  0.81877104  0.79144088  0.80055094  0.77322078
  0.80966099  0.77322078  0.79144088  0.80966099  0.81877104  0.76411072
  0.77322078  0.77322078  0.80055094  0.81877104  0.86432131  0.78233083
  0.79144088  0.78233083  0.80055094  0.8278811   0.80966099  0.80966099
  0.88254141  0.8461012   0.96453189  0.982752    0.96453189  0.86432131
  0.85521126  1.01008216  1.09207264  0.97653142  0.84970005  0.83909968
  0.79730292  0.80344041  1.00683414  1.01297163  0.95902068  1.00386158
  0.98635084  1.16784253  1.05012122  1.17695259  1.05238441  1.42292402
  1.02279106  0.89454094  1.10704472  1.30449333  1.02052775  1.06685101
  1.1275852   1.03119174  1.04785791  1.24072296  1.21874291  1.11916863
  1.17539865  1.43125314  1.50788706  1.3401526   1.31657595  1.41381397
  1.38945637  1.31047974  1.45096356  1.39403198  1.38945637  1.21261186
  1.01594419  1.23994202  1.07066169  1.23161291  1.05238441  1.29460234
  1.08882462  1.13973144  1.12300164  1.34926266  1.23458547  0.97705137
  1.33253286  1.17617165  1.22547542  1.58378134  1.39856643  1.4768034
  1.21410217  1.19439175  1.07745138  1.50100992  1.14122175  1.48026969
  1.51473393  1.37563457  1.4805569   1.53024449  1.48514046  1.38213438
  1.58076749  2.03181522  3.08392626  2.91288871  3.55764903  3.79109526
  3.39598844  3.91447246  3.27761493  4.10135905  3.6214194   3.94414759
  3.25933764  2.59924006  2.26860503  2.56332194  2.24359524 -0.53540692
  2.99740929  2.33650854  3.43469184  1.89563641  2.10920775  1.88205858
  2.35059551 -0.85339292  2.78787806 -0.93104594  2.86075849 -1.11915064
  2.06592068  2.32124865  2.14117865  1.80739865  1.80399232  1.64205635
  2.05907381 -1.51695199  1.49657088  1.26079546  1.23707738  0.99656485
  1.08441248 -2.71393192  1.05244159  0.92658614  1.36908732  1.45366404
  1.59231227  1.77225491  1.85197732 -1.12330977  2.10926493  1.9429663
  2.48950962 -0.85354929  2.34606914 -0.28856963  3.27314561  2.62698617
  3.03158583  3.25016309  3.2426444  -0.07860767  3.22402415  0.01554466
  0.71305768  0.03408564  0.447386    0.05370567 -0.38414456 -0.17030214
  2.56153522 -0.33472464 -0.51157106 -0.26322125 -0.34370849 -0.47683976
 -0.20316059 -0.54183254 -0.44489131  0.18801647 -0.58905118 -0.48717222
 -0.58549704 -0.99586038 -0.52609759 -0.27269734 -1.08337173 -0.51647732
 -0.71904327 -0.59065422 -0.53735659 -0.64603263 -0.62375921  1.94050538
 -0.97859396 -0.56577727 -1.62093853]
maxerror_observed: 4.101359048245758
RMSE: 1.6077854702397176
MAE: 1.3626007164790288
j: 194
[-8.47840702e-01 -8.93787122e+05  1.96649390e+17 -1.08228453e+00
 -1.51923437e+33 -8.93787171e+05 -9.37663659e+31 -3.18624560e+26
 -1.03292793e+00 -8.93787171e+05 -8.10823256e-01 -8.93787146e+05
  3.18009219e+18 -8.93787072e+05  3.18009219e+18 -8.93787233e+05
  3.18009219e+18 -8.93787109e+05  1.96649390e+17 -1.02058878e+00
 -9.09536445e-01 -8.93787196e+05 -8.35501553e-01 -3.18624560e+26
 -3.41935610e-01  1.37966797e+11  1.21589386e+16 -6.13396879e-01
  1.21589386e+16 -3.91292204e-01 -2.06204975e-01 -8.93786566e+05
 -4.02686900e+02 -3.18624560e+26 -1.56848381e-01 -3.18624560e+26
 -3.98637886e+35 -8.93785789e+05  8.31358932e+20 -3.18624560e+26
  1.06472738e+00 -3.18624560e+26  3.98413308e-01 -8.93785678e+05
  8.31358932e+20 -3.18624560e+26  6.94552874e-01  4.35430751e-01
  7.68587763e-01 -3.18624560e+26  2.62682671e-01 -8.65427854e+36
  1.06472733e+00  1.43490179e+00 -6.45591760e+36  1.47191923e+00
  1.00326161e+00  1.37966797e+11  5.67456297e+25  3.78261048e+21
  1.66934561e+00  1.52127583e+00  1.50893668e+00  1.71870220e+00
  6.24665511e+31 -2.34713048e+16  1.00895100e+33 -8.93784481e+05
  2.18569444e+00  2.12583374e+00  2.11355496e+00  1.65700646e+00
  1.00895100e+33  1.37966797e+11  2.42203367e+00  2.06419836e+00
 -1.49329811e+28  1.39788434e+00  2.75739619e+07 -8.93783914e+05
  1.08940474e+00  9.73681621e+31  1.61998901e+00  9.04258029e-01
 -1.40046042e+01  1.28683200e+00  1.87136816e+12 -2.34713048e+16
 -1.44858310e+01  1.42256264e+00  8.58963619e+21  1.39788434e+00
  3.09471078e+09  1.15663536e+01  1.15920660e+00  1.37966797e+11
  9.16657546e-01 -1.65287667e+06 -1.49329811e+28  9.28936326e-01
  3.24378414e-01  1.54595412e+00  1.08940563e+00  2.70211964e-01
  1.28683200e+00  1.37966797e+11  7.80926911e-01  9.73681621e+31
  8.30283505e-01  1.06779349e+01  7.19231168e-01  5.38948318e+31
 -4.96621473e+26  3.49056711e-01 -6.20873294e-01 -6.87431770e-01
 -4.77666244e-01 -6.99770919e-01  3.44609315e+32 -8.72518999e-01
 -6.72803408e-01 -4.77666244e-01 -5.51701136e-01 -5.76379432e-01
 -7.30175701e+21 -7.98544476e-01 -7.24449214e-01 -8.65427854e+36
 -6.62753473e-01  9.45635923e+00  8.34824103e+29  6.38011589e+04
  6.38194241e+02  3.78261048e+21 -8.00869096e+37 -8.23162405e-01
  5.28733045e+22  2.57751024e+11 -9.46553891e-01  9.28361115e+00
 -9.83571336e-01 -2.34713048e+16 -9.46553891e-01 -1.10696282e+00
 -1.02058878e+00 -8.65427854e+36  1.10373207e+04 -9.83571336e-01
 -2.65840539e+03  2.57751024e+11  1.72871729e+27 -8.23162405e-01
 -8.23162405e-01 -9.46553891e-01 -3.34285950e+12  3.78261048e+21
 -6.75092599e-01 -7.36788365e-01 -6.48148365e+34 -6.50414325e-01
  2.32711864e+11 -2.72173847e+20  1.10377772e+04 -4.40648799e-01
 -3.78953056e-01 -8.83896658e-03  3.12039265e-01 -1.59425888e+37
  6.52562933e-02 -1.07044710e+10 -4.81838050e+36  2.57751024e+11
 -3.34285950e+12 -4.23145332e+16 -4.03631353e-01 -7.12110068e-01
 -3.34285950e+12 -1.59425888e+37 -8.10823256e-01  4.42331617e+25
 -6.11825897e-01  2.21533908e+05 -8.23162405e-01 -1.07044710e+10
 -4.26208289e+08 -7.98484108e-01 -6.87431770e-01  6.38012453e+04
  2.04818213e+27 -8.46586975e-01  7.62023340e+03 -8.60179851e-01
 -8.23163480e-01 -8.72518999e-01 -8.35501553e-01 -7.31423816e+30
 -9.09536445e-01 -1.32328227e+29  9.56606200e-01  8.28802267e+23
 -1.04424316e+31]
maxerror_observed: 8.008690959567815e+37
RMSE: 5.990038892415026e+36
MAE: 7.446615866109162e+35
j: 195
[ 1.4507616   1.4507616   1.4507616   1.4507616   1.4507616   1.4507616
  1.55213543  1.4507616   1.4507616   1.4507616   1.4507616   1.4507616
  1.4507616   1.4507616   1.4507616   1.4507616   1.4507616   1.4507616
  1.4507616   1.4507616   1.4507616   1.4507616   1.4507616   1.4507616
  1.4507616   1.4507616   1.4507616   1.50144852  1.4507616   1.4507616
  1.4507616   1.4507616   1.4507616   1.30690754  1.35442071  1.25622062
  1.40470219  1.61342574  1.40348578  1.30690754  1.3990258   1.30690754
  1.45173999  1.25861733  1.35279886  1.25622062  1.40105308  1.25382392
  1.35644798  1.40828137  1.35239343  1.23704712  1.50526516  1.40588467
  1.55473567  1.90316714  1.39294398  1.24903052  1.39537669  1.28054393
  1.34387891  1.30211413  1.69666005  1.35280105  1.9427964   1.59425224
  2.04214296  1.25861733  1.38888944  1.24184053  1.33779709  1.25382392
  1.33252613  1.24903052  1.31495957  1.24423723  1.31171589  1.28533733
  1.32063584  1.25861733  1.31739227  1.21068351  1.32144682  1.24184053
  1.30522864  1.30451084  1.31252675  1.23944382  1.30522864  1.23465042
  1.29630856  1.25382392  1.26549403  1.23225372  1.28171222  1.24903052
  1.38389703  1.27335394  1.31171589  1.34321436  1.52136144  1.24423723
  1.25495224  1.19663469  1.36524614  1.24903052  1.25981776  1.31205734
  1.17777173  1.28294063  1.52420466  1.24663381  1.17452805  1.35280105
  1.32010155  1.30211413  1.1810153   1.38671117  1.13884799  1.5048618
  1.34767239  1.30211413  1.51960553  1.67165916  1.18263714  1.54596202
  0.88434478  1.4904817   1.16520775  1.84049671  0.97153279  1.18704788
  1.13601494  1.22985701  1.12388683  1.21787362  1.05272321  1.21308021
 -2.14489837  1.23225372  1.07542877  1.23944382  0.91992796  1.32883426
 -2.0208191   1.33842095 -2.04231321  1.43568918 -1.92040315  1.26376713
 -1.98877     1.34561106 -1.96865737  1.43020809 -1.44101928  1.93947384
 -2.06516567  2.53573344 -1.00383709  2.90560975  0.54737253  2.93232976
  0.99890176  3.55666187 -0.61908648  3.37069101  0.94458377  2.16414823
  0.27584862  2.59669485 -0.23467475  1.87201012 -1.1875847   3.18028325
  0.14487146  2.48504652  0.18096203  2.41758281  0.25426884  2.7706822
  0.78141073  4.25773608 -0.44115199  3.55974625 -0.74689533  3.05737796
  0.10738121  7.92840774  0.11924743  3.54782684 -0.36461367  3.23165785
 -0.96353128  3.11865714  0.2926944   3.11590392 -0.81673628  3.83685521
  1.30197275  3.8464419   0.71846755]
maxerror_observed: 7.928407740473355
RMSE: 1.7114351103331593
MAE: 1.5109669159480268
j: 196
[-1.07563845e+00 -5.43393013e+13 -1.07563845e+00 -1.75653142e+13
 -1.07547029e+00 -1.07547029e+00 -1.07547029e+00 -1.07547029e+00
 -1.07547029e+00 -1.07547029e+00 -1.07547029e+00  1.45076160e+00
 -1.07563845e+00 -1.07563845e+00 -1.07563845e+00 -1.07594656e+13
 -1.07563845e+00 -1.06939107e+00 -1.07563845e+00 -1.07563845e+00
 -1.07563845e+00  1.45076160e+00 -1.07563845e+00 -1.07563845e+00
 -1.07563845e+00 -1.07563845e+00 -1.02985209e+22 -1.07563845e+00
 -1.07563845e+00 -1.05064890e+00 -1.06939107e+00 -1.07594656e+13
 -1.07563845e+00 -1.05064890e+00 -1.06314368e+00 -1.06939107e+00
 -1.06939107e+00 -1.07563845e+00 -1.06939107e+00 -1.06939107e+00
 -6.38507295e+04 -1.00691719e+00 -1.06939107e+00 -1.05064890e+00
 -1.06939107e+00 -1.06939107e+00 -1.04440152e+00 -1.53669383e+14
 -9.94422419e-01 -9.56938096e-01 -6.19579187e-01 -1.53669383e+14
 -8.75553897e-01 -7.44526931e-01 -8.00585251e-01 -8.19495517e-01
 -6.38505796e+04 -7.50774318e-01 -8.25742965e-01 -1.51036376e+20
 -1.13372658e-01 -5.44544744e+19 -1.75846530e-01 -5.44544744e+19
  3.98744928e-01  2.30065473e-01 -5.13373604e-01  1.86998837e+05
 -7.60565000e-02  3.86250153e-01 -4.44652345e-01 -2.19746406e-01
  2.48807635e-01 -4.32157571e-01 -1.02985209e+22 -3.19704601e-01
  1.61512379e-01 -1.82264194e-01  1.17612503e-01 -2.14367662e+10
 -9.47986616e-02 -2.50983342e-01  4.61218800e-01  8.11072483e-01
 -1.42462089e+05  2.54034602e+07  2.67307587e+13 -2.15086098e+30
  7.23609062e-01  2.73797184e-01  2.17570699e-01  5.51386314e-02
 -6.38494426e+04  4.73711462e-01  1.76543081e-02  1.26122667e+26
  2.67307587e+13 -3.91751607e+06 -2.59092375e-02  7.14238925e+22
  7.11114288e-01  7.86082934e-01  2.67307587e+13  5.36187446e-01
  2.67307587e+13  1.00010348e+18  1.24214220e+00  1.85539285e+27
  1.26713175e+00 -5.24922943e+08  2.67307587e+13 -2.43926939e+33
 -6.38491240e+04  8.04825096e-01  6.04908705e-01 -2.60837147e-02
 -6.38496550e+04  1.85022172e+21 -1.02985209e+22 -1.14661128e+00
 -1.02985209e+22  7.09326949e+30 -3.63436311e-01 -7.63269093e-01
  1.26397733e+14 -2.19746406e-01 -3.13289049e-01  2.17232584e+26
 -3.75931086e-01 -6.73996534e+00 -1.02985209e+22 -4.47234324e-01
 -1.02985209e+22  8.51770568e+24 -2.57230729e-01 -7.94227590e+03
 -1.96618503e-02 -3.44694150e-01 -4.69641894e-01  1.85655327e+30
 -6.50816123e-01 -3.64287606e+03  5.83301899e+13  7.09326949e+30
 -9.31948547e-01 -1.03815413e+00 -2.32108927e+22 -9.23374338e-01
 -8.69474675e-01  1.26122667e+26 -1.42464357e+05 -4.13415409e-01
  4.21196949e+30 -4.12938479e+04  2.67307587e+13 -2.25993793e-01
 -2.82220278e-01 -1.19788210e-01 -2.32108927e+22  2.34696627e+30
 -1.42463701e+05  3.17528894e-01  1.36522830e-01 -5.54671438e+00
  5.54929608e-01  4.80592706e+24  9.30580632e-01 -4.09107316e+00
  1.85438615e+00  2.97632677e+06  1.73568579e+00  3.64439668e+26
  1.80440705e+00  6.03899214e+26  1.74193318e+00  1.69195408e+00
  1.61698543e+00 -2.83978046e+08 -1.42462039e+05  9.99153390e-01
  9.12558924e+30  1.57325369e+00  9.12558924e+30  1.49203769e+00
 -1.13754369e+23  1.16717355e+00  1.07346275e+00  1.46704814e+00
 -2.32108927e+22 -9.03410033e+01  1.19841049e+00 -2.14367662e+10
 -5.16494873e+22  1.50453172e+00  5.83301899e+13  4.18820827e+25
  1.36165035e+00  1.16717355e+00  1.42993393e+00  1.37958472e+00
  1.78566489e+00]
maxerror_observed: 2.4392693945914396e+33
RMSE: 1.7205711308840107e+32
MAE: 1.2349635874878949e+31
j: 197
[ 1.26858912  1.32610961  1.26858912  1.27817587  1.26858912  1.26858912
  1.26858912  1.26858912  1.26858912  1.28776262  1.26858912  1.27817587
  1.30693611  1.28776262  1.29734936  1.26858912  1.27817587  1.27817587
  1.26858912  1.27817587  1.27817587  1.26858912  1.27817587  1.28776262
  1.27817587  1.35486985  1.28776262  1.32610961  1.30693611  1.38363009
  1.29734936  1.29734936  1.3452831   1.12723194  1.10423757  1.19436691
  1.07547733  1.22873588  1.13299781  1.14314423  1.22852208  1.21445407
  1.05630383  1.24592025  1.13299781  1.18243263  1.14258456  1.18768283
  1.18093155  1.23832263  1.09465082  1.38900453  1.07530567  1.35101607
  1.1424129   1.11947229  1.06554738  1.16792646  1.13299781  1.0565398
  1.06571892  1.2122753   1.10406591  1.12599457  1.14258456  1.338337
  1.15217131  1.10446641  1.21927854  1.2088176   1.11382432  1.14445113
  1.12341107  1.17013978  1.21859213  1.10121246  1.16158639 -2.40951449
  1.19856069 -1.96955181  1.353493    1.05979388  1.10423757  0.86117316
  1.31325845 -2.22643212  1.25711066  1.12037883  1.26721228 -2.27171491
  1.43977373 -2.20675881  1.56405824 -2.26571328  1.63150868 -2.32506064
  1.4871926  -1.97874533  1.54505629  1.06595255  1.67944242 -1.87376658
  1.72686129 -1.8616359   2.40752036 -1.90519828  1.87921976 -1.80630082
  2.06291231 -1.39785642  1.42008537 -1.42277594  1.82290042 -1.49308229
  1.50688096 -2.17708502  1.57364499 -2.17636797  1.47743431 -2.29105031
  1.36239334 -2.31273301  1.48667786 -2.42721896  1.22526171 -2.27386582
  1.49712255 -2.22322603  1.45791761 -2.12338054  1.58288854 -2.19391076
  1.76503674 -2.41241683  1.70236844 -2.47225014  1.31497435 -2.23786637
  1.42881417 -2.50554342  1.17955874 -2.69147326  1.18845908 -2.52364145
  1.17990194 -2.66672585  1.08283331 -2.58804287  1.20866218 -2.2771269
  1.51458015 -2.34821227  1.43891566 -2.24471235  1.54471309 -2.05953439
  1.75459204 -1.7462017   2.0510948  -1.92437143  2.29110669 -1.27107357
  2.8200937  -1.23181303  2.72165238 -0.64483569  2.74989775 -0.06222984
  3.7284324   0.51068258  4.60185603  0.38074967  4.6583469   0.72225297
  3.90202346  0.67435371  4.27624982  0.68617384  3.73870555  0.40047819
  3.85323166  0.35166538  3.78612443  0.65987529  3.77362063  0.21673399
  3.36362125 -0.62386981  3.34530571 -0.25288933  3.14484196 -0.42608548
  3.11367941 -0.57120652  3.89192185  0.31853412  3.43055682  0.41619398
  3.89226506  0.4252949   4.01243136]
maxerror_observed: 4.65834690121217
RMSE: 1.8399136491306167
MAE: 1.6305346090432375
j: 198
[ 1.41294257e+22 -1.23689016e+00  1.41294257e+22 -1.25280253e+00
  1.41294257e+22 -1.26871490e+00  1.41294257e+22 -8.01675269e+32
  1.41294257e+22 -1.10959117e+00  1.41294257e+22 -1.22097778e+00
  1.41294257e+22 -1.17324066e+00  1.41294257e+22 -1.28462728e+00
  1.41294257e+22 -1.25280253e+00  1.41294257e+22 -9.98204557e-01
  1.41294257e+22 -1.20506541e+00  1.41294257e+22 -1.57311949e+20
  1.41294257e+22 -1.04594168e+00 -1.12550354e+00 -7.11781836e-01
  1.41294257e+22 -5.36745729e-01  1.41294257e+22 -2.43037078e+23
  1.41294257e+22 -3.45797248e-01  1.41294257e+22 -5.04920982e-01
  1.41294257e+22 -6.00395222e-01  1.41294257e+22  1.31573953e-01
  1.41294257e+22 -3.56087794e+26  1.41294257e+22 -2.43037078e+23
  1.41294257e+22  5.13470914e-01  1.41294257e+22 -2.43037078e+23
  1.41294257e+22 -8.01675269e+32  1.41294257e+22 -1.09793434e+17
  1.41294257e+22 -2.21910225e+04  1.41294257e+22 -2.43037078e+23
  1.41294257e+22  6.24857528e-01  1.41294257e+22  5.20671131e+36
  1.41294257e+22 -4.94469407e+10  1.41294257e+22  1.31008285e+00
  1.41294257e+22  1.26665272e+35  1.41294257e+22  2.53434233e+00
  1.41294257e+22  2.56044568e+22  1.41294257e+22  2.02514639e+00
  1.41294257e+22  7.15171428e+17  1.41294257e+22  1.38865145e+00
  1.41294257e+22  1.08160056e+24  1.41294257e+22  2.21609487e+00
  1.41294257e+22 -8.57961756e+24  1.41294257e+22  1.27726484e+00
  1.41294257e+22  4.33256971e+19  1.41294257e+22  7.99893635e-01
  1.41294257e+22  1.39849032e+13  8.63543129e-01  7.94563713e+36
  9.43104995e-01  1.60209165e+24  1.41294257e+22  1.31573953e-01
  1.41294257e+22  4.29372159e+00  1.05449161e+00 -9.04869981e+16
  1.48736983e+27  1.07848842e+00  1.41294257e+22  9.43104995e-01
  1.41294257e+22  1.60209165e+24  1.41294257e+22 -5.05301692e+35
  4.52397613e-01 -5.39727566e+26  1.71464157e+37  6.88507569e-01
  1.41294257e+22  5.48412386e+06  7.20331768e-01 -2.76665271e+27
  3.60997127e-02  3.60997127e-02 -4.25359115e-01 -1.62343239e-01
  1.41294257e+22  1.37220700e+19  9.74929742e-01 -2.75497808e-02
 -1.25022634e+00  1.08160056e+24  1.41294257e+22  4.88257734e+15
 -4.09446742e-01 -3.29884875e-01 -8.68329378e-01 -3.83828898e+24
  1.48736983e+27 -8.70877323e-01 -7.91343703e-01  1.46750240e+01
  1.41294257e+22 -8.69042159e+00  1.48736983e+27  2.18769640e+17
 -1.04594168e+00  1.04683738e+24  1.71464157e+37 -9.82292184e-01
 -1.14141592e+00 -1.26871490e+00  1.54711344e+32 -1.03002930e+00
 -9.82292147e-01 -7.75431330e-01  1.41294257e+22 -9.18642690e-01
 -1.23431397e+00 -5.04920985e-01 -6.48132343e-01 -8.39080823e-01
 -6.58733021e+04 -1.42380502e+18 -7.34703821e+09  4.74788225e+17
 -2.18498261e-01 -1.22326410e+04 -6.58728565e+04 -3.14058887e+27
 -6.58728088e+04  2.35513018e+36 -7.34703821e+09 -1.24430316e+10
  5.72648416e-02 -4.34339075e-02 -7.52869009e-02 -3.77621995e-01
 -5.04920982e-01  1.06939538e+30 -7.97189081e+14 -5.36745181e-01
  1.48736983e+27 -5.55405903e-01  1.71464157e+37 -3.93506122e-01
 -6.58730475e+04 -5.64729168e-01  1.71464157e+37 -6.32219969e-01
 -7.27694210e-01  2.18769640e+17 -6.48132343e-01 -5.98938129e+16
 -4.99668227e-01 -6.64044716e-01 -5.36745729e-01 -7.11781836e-01
 -9.66379810e-01 -2.79384778e+05 -1.00886417e+00 -7.26999025e-01
 -6.64044716e-01  1.66427203e+22 -2.50808840e+04 -5.84482849e-01
 -7.59154148e-01]
maxerror_observed: 1.7146415686819262e+37
RMSE: 2.5156814543253745e+36
MAE: 4.215267038768393e+35
j: 199
[ 0.79605587  0.80643378  0.83756749  0.89983491  0.81681168  0.83756749
  0.84794539  0.81681168  0.78567797  0.8790791   0.81681168  0.94134652
  0.8790791   0.80643378  0.8790791   0.93096862  0.8790791   0.85832329
  0.80643378  0.83756749  0.92059072  0.93096862  0.8790791   0.93096862
  0.89983491  0.95172443  0.99323604  0.93096862  1.00361394  1.51213122
  0.97248023  1.20079411  1.13852669  1.22582546  0.93776195  1.26993154
  1.19720954  1.26603982  1.30098858  1.26214811  1.363256    1.73953169
  1.71610472  1.37500783  1.43590132  1.27771497  1.18683164  1.24009509
  1.44627923  1.18171937  1.10380841  1.64223885  1.18683164  1.85498589
  1.48779084  2.4543098   1.79912795  1.78059105  1.24909906  1.93063125
  2.39066845  1.67077809  1.30098858  2.19830164  1.92366279  2.58747299
  2.78502879  2.27873045  3.05485428  2.69644099  2.87842992  2.57968968
  2.30764522  2.28910828  2.97183105  3.21533626  3.02372057  3.6585522
  3.61526107  2.86248754  3.06523218  2.15375624  2.67087185  2.49581352
  2.78502879  2.80653006  2.66049394  2.3228365   1.93404069  2.67784032
  2.60700011  2.3384033   2.63332074  3.10117922  2.31802313  2.94810524
  3.57374945  3.18116865  3.37496497  3.78352645  3.36137831  4.34652773
  4.42473755  2.99395295  4.63229562  4.58521943  4.05113302  3.6989777
  4.94042409  4.50954035  3.92253685  0.0898712   3.80206333  0.73383283
  3.60327885  2.40205051  2.16075025  2.12046737  1.87573378 -1.52029056
  2.85767411 -0.74036107  3.04843688  1.62406962  1.56760543  1.86317489
  2.16235457 -1.42740621  1.87016895 -1.52029064  1.70251818 -2.17510629
  1.76318116 -1.99007929  1.54674881 -2.37698439  1.29061067 -2.30401093
  1.37919873 -2.15175595  1.09182619 -2.69707395  0.86105531 -2.6550843
  0.79161874 -2.84707553  1.06304855 -2.6784346   1.08295179 -2.38703417
  1.21796535 -2.46876011  1.27702413 -2.48692148  1.36240343 -2.13536996
  1.32410058 -2.13536998  1.53722348 -2.06142736  1.73871298 -1.95245944
  1.75997253 -1.88922296  1.41750171 -1.88971387  1.99385123 -1.65102217
  1.86399957 -1.77214331  1.61382931 -2.35460317  1.45023974 -1.98052053
  1.252207   -2.03759903  1.18201856 -2.0391858   1.39032839 -2.33255011
  1.33447848 -2.31001899  1.29692726 -2.38785328  1.23541171 -2.33855821
  0.93374702 -2.54918889  1.08565681 -2.40342014  1.204278   -2.67372377
  1.05657673 -2.48302976  1.064901   -2.63480655  1.02263763 -2.66594024
  0.8546843  -2.56864742  1.15659688]
maxerror_observed: 4.940424085872259
RMSE: 2.1403177808783824
MAE: 1.9252626534349797
Shape of time series: (200, 201)
Size of compressed file: 116172 bytes
Reconstruction written to: /mnt/simhomes/binzc/results/zscore_np_20k.bsc.recon.npy
(lfzip_env) (env) binzc@vSim03:/mnt/simhomes/binzc/BA/LFZip$
